%YAML:1.0
---
model_type: PINHOLE
camera_name: camera
image_width: 752
image_height: 480
distortion_parameters:
  k1: -0.29080848
  k2: 0.08212628
  p1: -0.00010257
  p2: -0.00000673
projection_parameters:
  fx: 461.57737287
  fy: 460.35925638
  cx: 361.78864718
  cy: 248.15703424
