%YAML:1.0
---
model_type: PINHOLE
camera_name: camera
image_width: 752
image_height: 480
distortion_parameters:
  k1: -0.28848686
  k2: 0.0799087
  p1: -0.00040401
  p2: 0.00015515
projection_parameters:
  fx: 460.18397706
  fy: 459.16551752
  cx: 374.22002984
  cy: 255.09629971
