%YAML:1.0

#common parameters
#support: 1 imu 1 cam; 1 imu 2 cam: 2 cam;
imu: 1
num_of_cam: 2

imu_topic: "/imu0"
image0_topic: "/cam0/image_rect"
image1_topic: "/cam1/image_rect"
output_path: "/home/lnex/vins_out/V2_02_medium"

cam0_calib: "cam_pinhole.yaml"
cam1_calib: "cam_pinhole.yaml"
image_width: 752
image_height: 480
baseline_length: 0.1095


# Extrinsic parameter between IMU and Camera.
estimate_extrinsic: 0   # 0  Have an accurate extrinsic parameters. We will trust the following imu^R_cam, imu^T_cam, don't change it.
# 1  Have an initial guess about extrinsic parameters. We will optimize around your initial guess.

# raw image rectified, extrinsics recalibered by setting estimate_extrinsic to 1.
body_T_cam0: !!opencv-matrix
  rows: 4
  cols: 4
  dt: d
  data: [ 1.6516780512887186e-02, -9.9981732318308802e-01, 9.6185354651440926e-03, -1.2467881303483140e-02,
          9.9974472954455618e-01, 1.6662378530112210e-02,  1.5259124798032637e-02, -6.2355016995474848e-02,
          -1.5416604988511209e-02, 9.3640485221073381e-03, 9.9983730820864247e-01, 4.9900614343332324e-04,
          0., 0., 0., 1. ]

body_T_cam1: !!opencv-matrix
  rows: 4
  cols: 4
  dt: d
  data: [ 1.6610313717779213e-02, -9.9981852451292497e-01, 9.3282109214344877e-03, -1.0470377372848696e-02,
          9.9974105577156824e-01, 1.6752709687357203e-02, 1.5400263727654625e-02, 4.7123863768713553e-02,
          -1.5553741766762790e-02, 9.0699922232019073e-03, 9.9983789504005294e-01, -1.0455694556828691e-03,
          0., 0., 0., 1. ]

#Stereo depth parameters
prior_locate:
  fitness_threshold: 0.01
  reg_trans_threshold: 0.4
  var_factor: 1000
  max_depth: 3
  validate_frames: 4
  depth_threshold: 0.1
  pointcloud: "/home/lnex/pcd/V1_01_0.02.pcd"
  clip_range:
    x: 0.4
    y: 0.4
    z: 0.4
  voxel_grid_size: 0.02

  #translation in XYZ(meters)
  init_tran: !!opencv-matrix
    rows: 1
    cols: 3
    dt: f
    data: [ 0.515356,1.996773,0.971104 ]
  #quaternion in wxyz
  init_quat: !!opencv-matrix
    rows: 1
    cols: 4
    dt: f
    data: [ 0.97401282, -0.03768528, -0.01467218, -0.22285325 ]

#Multiple thread support
multiple_thread: 1

#feature traker paprameters
max_cnt: 150            # max feature number in feature tracking
min_dist: 30            # min distance between two features
freq: 10                # frequence (Hz) of publish tracking result. At least 10Hz for good estimation. If set 0, the frequence will be same as raw image
F_threshold: 1.0        # ransac threshold (pixel)
show_track: 1           # publish tracking image as topic
flow_back: 1            # perform forward and backward optical flow to improve feature tracking accuracy

#optimization parameters
max_solver_time: 0.04  # max solver itration time (ms), to guarantee real time
max_num_iterations: 8   # max solver itrations, to guarantee real time
keyframe_parallax: 10.0 # keyframe selection threshold (pixel)

#imu parameters       The more accurate parameters you provide, the better performance
acc_n: 0.1          # accelerometer measurement noise standard deviation.
gyr_n: 0.01         # gyroscope measurement noise standard deviation.
acc_w: 0.001        # accelerometer bias random work noise standard deviation.
gyr_w: 0.0001       # gyroscope bias random work noise standard deviation.
g_norm: 9.81007     # gravity magnitude

#unsynchronization parameters
estimate_td: 0                      # online estimate time offset between camera and imu
td: 0.0                             # initial value of time offset. unit: s. readed image clock + td = real image clock (IMU clock)

#loop closure parameters
load_previous_pose_graph: 0        # load and reuse previous pose graph; load from 'pose_graph_save_path'
pose_graph_save_path: "~/output/pose_graph/" # save and load path
save_image: 1                   # save image in pose graph for visualization prupose; you can close this function by setting 0
